0.785980 0.109334
0.786565 0.109728
0.787155 0.110124
0.787748 0.110524
0.788346 0.110926
0.788948 0.111330
0.789554 0.111738
0.790164 0.112149
0.790778 0.112563
0.791397 0.112980
0.792020 0.113399
0.792648 0.113822
0.793280 0.114248
0.793916 0.114677
0.794557 0.115110
0.795202 0.115545
0.795852 0.115984
0.796507 0.116426
0.797166 0.116872
0.797830 0.117320
0.798499 0.117772
0.799173 0.118228
0.799851 0.118687
0.800535 0.119150
0.801223 0.119616
0.801916 0.120086
0.802615 0.120559
0.803319 0.121036
0.804028 0.121517
0.804742 0.122001
0.805461 0.122489
0.806186 0.122981
0.806916 0.123477
0.807651 0.123977
0.808392 0.124481
0.809139 0.124989
0.809891 0.125501
0.810649 0.126017
0.811413 0.126538
0.812182 0.127062
0.812958 0.127591
0.813739 0.128124
0.814526 0.128662
0.815319 0.129204
0.816119 0.129750
0.816924 0.130301
0.817736 0.130857
0.818554 0.131417
0.819378 0.131982
0.820209 0.132552
0.821047 0.133126
######## ########
0.786922 0.145728
0.787693 0.146420
0.788472 0.147117
0.789257 0.147821
0.790050 0.148532
0.790849 0.149249
0.791656 0.149974
0.792469 0.150705
0.793291 0.151442
0.794119 0.152187
0.794955 0.152939
0.795799 0.153699
0.796650 0.154465
0.797509 0.155239
0.798376 0.156021
0.799250 0.156810
0.800133 0.157607
0.801024 0.158412
0.801924 0.159225
0.802831 0.160046
0.803747 0.160875
0.804672 0.161713
0.805605 0.162559
0.806548 0.163413
0.807499 0.164277
0.808459 0.165149
0.809428 0.166030
0.810406 0.166920
0.811394 0.167819
0.812391 0.168728
0.813398 0.169646
0.814415 0.170574
0.815441 0.171512
0.816477 0.172460
0.817524 0.173417
0.818580 0.174386
0.819647 0.175364
0.820725 0.176353
0.821813 0.177353
0.822911 0.178364
0.824021 0.179385
0.825141 0.180418
0.826273 0.181463
0.827416 0.182519
0.828571 0.183587
0.829737 0.184667
0.830914 0.185759
0.832104 0.186863
0.833306 0.187980
0.834519 0.189110
0.835746 0.190253
######## ########
